random_400
20
0.822011
0.926963
0.603702
0.628214
0.548074
0.465533
0.0405203
0.0856428
0.784192
0.989795
0.614407
0.907354
0.474937
0.341971
0.448024
0.724862
0.177489
0.550875
0.966683
0.945373
0.146873
0.546673
0.835018
0.934567
0.666133
0.631516
0.475838
0.44062
0.921061
0.14097
0.885843
0.55978
0.749375
0.555978
0.0894447
0.0227114
0.856828
0.705953
0.0822411
0.266933
0.592096
0.16088
0.301851
0.687644
0.0251126
0.0586293
0.723962
0.75958
0.923562
0.696548
0.866433
0.743772
0.813507
0.986393
0.71996
0.298249
0.347174
0.17949
0.108954
0.652326
0.857029
0.283542
0.85953
0.106053
0.967684
0.335668
0.0994497
0.337469
0.346873
0.785193
0.283742
0.362481
0.472736
0.415608
0.0782391
0.108554
0.235218
0.165583
0.989095
0.236518
0.467834
0.295948
0.650625
0.949975
0.136668
0.313457
0.64092
0.830515
0.170985
0.364482
0.490245
0.695748
0.642021
0.488844
0.355478
0.964482
0.807404
0.587194
0.265433
0.976588
0.614107
0.675138
0.723362
0.351076
0.0164082
0.342871
0.538869
0.287644
0.193997
0.922061
0.132266
0.523762
0.0907454
0.28074
0.409605
0.282741
0.0566283
0.122561
0.0813407
0.876438
0.904752
0.387594
0.818209
0.701751
0.831116
0.204702
0.771586
0.94007
0.191596
0.652826
0.625213
0.525263
0.601201
0.985293
0.65903
0.943672
0.87914
0.730465
0.322161
0.557479
0.626213
0.434817
0.602701
0.81951
0.0705353
0.763282
0.386493
0.017909
0.986293
0.933567
0.0308154
0.0674337
0.18049
0.650725
0.205203
0.867534
0.172786
0.122761
0.32066
0.266433
0.661931
0.221811
0.0715358
0.689045
0.654827
0.933567
0.462031
0.437119
0.302451
0.621711
0.324262
0.0765383
0.518859
0.397499
0.73957
0.24052
0.672136
0.42011
0.593297
0.817809
0.0789395
0.195698
0.0261131
0.673737
0.686643
0.886243
0.0765383
0.0028014
0.936268
0.158379
0.707754
0.533167
0.0772386
0.169285
0.4006
0.516058
0.131566
0.985193
0.408004
0.230815
0.321561
0.86093
0.0127064
0.925563
0.522861
0.526263
0.26093
0.949475
0.944572
0.441621
0.663732
0.115458
0.166983
0.444322
0.665833
0.969985
0.442721
0.427714
0.82071
0.0551276
0.663932
0.282641
0.971886
0.154977
0.995198
0.135968
0.867034
0.982291
0.0521261
0.11966
0.149175
0.0176088
0.389495
0.753777
0.608804
0.046023
0.30025
0.881141
0.0688344
0.650325
0.0388194
0.437219
0.682741
0.241221
0.65993
0.149275
0.403002
0.376988
0.505453
0.112156
0.3997
0.947274
0.946773
0.453427
0.131866
0.0084042
0.0556278
0.452926
0.812706
0.415408
0.777989
0.254427
0.886043
0.790295
0.613407
0.486943
0.511256
0.57999
0.907454
0.257329
0.3995
0.0404202
0.318459
0.678439
0.373687
0.212706
0.603902
0.0644322
0.0578289
0.474437
0.851826
0.9998
0.181391
0.91926
0.143872
0.911856
0.693847
0.245623
0.408304
0.134367
0.166883
0.244222
0.14007
0.407504
0.586593
0.0877439
0.0722361
0.889745
0.0146073
0.0113057
0.908854
0.161981
0.475538
0.966683
0.32056
0.871236
0.201101
0.17949
0.217809
0.0716358
0.746073
0.522761
0.646923
0.968184
0.185993
0.174087
0.635218
0.209005
0.787394
0.87934
0.867134
0.58019
0.631916
0.136468
0.102651
0.43942
0.517459
0.389695
0.121361
0.937469
0.189795
1
0.246123
0.831116
0.0744372
0.111056
0.0873437
0.0410205
0.407104
0.425513
0.168084
0.804402
0.584392
0.34057
0.344372
0.0177089
0.742271
0.354777
0.307854
0.762681
0.0462231
0.745873
0.851926
0.146173
0.62001
0.229715
0.371386
0.565283
0.274437
0.870235
0.768284
0.758179
0.670035
0.493747
0.475438
0.409605
0.210705
0.0851426
0.64072
0.484342
0.946973
0.206803
0.671636
0.261931
0.828714
0.265333
0.907354
0.0292146
0.833317
0.257229
0.581291
0.595898
0.302651
0.849625
0.0702351
0.504952
0.707554
0.662031
0.0108054
0.30005
0.566483
0.898449
0.909355
0.672536
0.547474
0.750775
0.229815
0.474737
0.803302
0.465233
0
1
2
3
4
5
6
7
8
9
10
11
12
13
14
15
16
17
18
19
14
13
7
4
0
16
9
12
2
19
10
18
5
3
8
1
17
6
11
15
0
1
2
3
4
5
6
7
8
9
10
11
12
13
14
15
16
17
18
19
