random_100
10
0.6428
0.7856
0.00911276
0.416383
0.823253
0.669738
0.292309
0.58582
0.589325
0.940316
0.137292
0.796014
0.32846
0.561887
0.841078
0.15021
0.886541
0.649309
0.085019
0.733527
0.373623
0.913679
0.302624
0.833567
0.480373
0.254556
1
0.381434
0.0629882
0.215902
0.157721
0.769177
0.386842
0.762968
0.0296415
0.981774
0.157721
0.641198
0.375225
0.304126
0.480072
0.159924
0.722512
0.0110154
0.975366
0.751853
0.610254
0.538854
0.940216
0.898057
0.760164
0.192269
0.820048
0.738834
0.868616
0.0425596
0.666032
0.82175
0.658422
0.0904266
0.0818145
0.0429601
0.103946
0.746445
0.665331
0.881534
0.162327
0.0854196
0.181154
0.287002
0.641999
0.759363
0.508812
0.427599
0.0356499
0.559483
0.994092
0.367114
0.940216
0.665031
0.87162
0.561386
0.574805
0.939115
0.486781
0.0593831
0.338073
0.409373
0.261166
0.586221
0.674544
0.337873
0.0735029
0.191067
0.792209
0.277488
0.94993
0.817945
0.59273
0.586321
2
0
8
6
3
9
7
4
5
1
6
0
3
5
7
8
4
1
2
9
0
1
2
3
4
5
6
7
8
9
